  +----------------+----------------+----------------+----------------+
A |    3       6   | 12  4    15    |             8  |    9          14 |
B | 12    8       |          6    9 |    4             |    7          10 |
C |             2 |             4  | 16       10    9 |  3       8      6 |
D |  7    3    15 |             1  | 12          9    |    6          16 |
  +----------------+----------------+----------------+----------------+
E |    2          |             3  |  9             |    8       1      7 |
F |             1 |          8  |    6          7  |    2          12    |
G |  9    7       |    3       2   |             5  | 11          16    8 |
H |    6          |          9  | 14             |    5       7      4 |
  +----------------+----------------+----------------+----------------+
I |             4 |          7  |  1    13       3   |    8          16    |
J |          5  |             2  |    8          6   |             3      |
K |    8       1  |          5    |             6  |    4          12    9 |
L |             7 |          4  |    2       12     |    1          10    |
  +----------------+----------------+----------------+----------------+
M |             6 |             1  |  4       11     |    7       9      3 |
N |  3       4    |             9  |    5       2    |          10      8 |
O |             8 |    7       3   |             1  | 14          5      2 |
P |    1       2  |          6    | 10          8    |    3          7      |
  +----------------+----------------+----------------+----------------+
